x	y
0.1133604171075159	0.7528079678448215
0.10246094370892553	0.7913001877538437
0.07146635994089245	0.8006823653558091
0.11283574292784071	0.785409857291349
0.09913029139801106	0.8335538025589154
0.09527627019792409	0.8749622859978534
0.16325334021066493	0.8196645715131137
0.1401418078457482	0.8137784567639705
0.05536633535163544	0.8098688157096855
0.1130044519334884	0.8031603791524239
0.13661894532670102	0.8259463691729192
0.08631563777884936	0.8548217885676171
0.17892339910475222	0.7895842859658568
0.10259110892519696	0.8215354871156229
0.09514765384751508	0.8254972889092397
0.013819400333502527	0.769747775282828
0.1130081727043229	0.776473899426329
0.10133267016464681	0.7918678810740319
0.1310558149866822	0.8099001524796194
0.0877653758268288	0.8051993494188021
0.12241032743170091	0.7794460666031736
0.049541260029370565	0.9174011143617437
0.141561702578903	0.7872895275719214
0.05576679604800634	0.8274250243072502
0.08660419647891095	0.860339933289254
0.14158508550554685	0.8420033135810088
0.11164998086813098	0.8651586022035054
0.1302618090087751	0.7705062446544642
0.16376016037272084	0.7801207986139762
0.1332815171168535	0.7623976641001942
0.17149406297779785	0.7534140637135182
0.1162883222286388	0.8176244914603233
0.11984296612291435	0.7887751974730564
0.11060622507457636	0.8503777269828019
0.03815649379935104	0.8027220448987589
0.11874426430044484	0.8102576886045438
0.10160652824792507	0.7686130604017325
0.1260420227825399	0.7689166717442361
0.10747227628520624	0.7982640100938657
0.09450173355714242	0.7919423231013025
0.12215267974553372	0.8021855918550633
0.047183649175650114	0.8230277660377079
0.11811692334833059	0.7763723445848683
0.05600109159983733	0.8284170066325095
0.09102629705563403	0.7801992457253758
0.11580623532127995	0.8141607706908435
0.06698778855928386	0.7813255194671677
0.09001752348845739	0.8282091461286059
0.12367881718160745	0.8055192011698306
0.04377029335056405	0.796129086859695
0.13671513798054635	0.8152832012388559
0.15626801966476137	0.7932910188303606
0.1522134888643536	0.8911300244561583
0.18406780617261828	0.8529195214480463
0.11629741294854064	0.847541767778573
0.1954514347088413	0.8244922166963607
0.10826039080799785	0.7970933856795989
0.11933827064786555	0.7854863946940819
0.12992001542596096	0.8399125509886476
0.13669602533811845	0.8253244934924279
0.12160646865638858	0.8485332772065407
0.10055140846911872	0.8314861399653795
0.09165327598153841	0.8191734021665369
0.09816766299127462	0.7548624138130346
0.09069549279566616	0.7516450874553664
0.1041743858581011	0.8196556143667142
0.14646483802895846	0.8449379876692622
0.12066378463221968	0.7730148479702081
0.12672646565150625	0.8285740185537539
0.025446524844300072	0.8249484296332142
0.07263762428140802	0.8218376749214958
0.1343074571584549	0.7912049789780762
0.11137018694935054	0.8019879727349992
0.10914899441751706	0.8009114636293881
0.15238622627146284	0.8520132886925506
0.06619112277837097	0.8092344138636157
0.14127088436195545	0.7867128762904142
0.0491543302785203	0.8612212057906748
0.10987072431086331	0.8441636934121062
0.05844319682537002	0.7683216832575368
0.15388603427574518	0.8332013916615122
0.10434415249839907	0.7886511202785216
0.09490150369686687	0.8107899539866612
0.07573364591974951	0.8010541175107069
0.13833089841906304	0.7959248326952655
0.11428683684579326	0.7670531486474708
0.08415811831111483	0.760127354952502
0.14889261464936837	0.8761675724861879
0.13963153860508973	0.7966781748863394
0.07390328765929108	0.8348381431583024
0.16316430278015248	0.8308735189816455
0.08444259185562616	0.820797457835497
0.10145833282000438	0.7487177283005085
0.07616345680677195	0.817941582002712
0.07316323672004901	0.8351630670130992
0.05936709831200289	0.8805556144777322
0.12187908716828616	0.786461070514708
0.15182723267442058	0.878629308726457
0.0818344144696137	0.7327117336858627
0.09114953938453367	0.8422797514810828
0.07743553518135762	0.775180345565766
0.1049816327673148	0.8009961921642625
0.12469861940010822	0.8086178014078644
0.04455250895250734	0.7437235579395071
0.1441158294413189	0.7799223663697492
0.1421794295324269	0.8330562307480863
0.10876654442362353	0.8156831483052918
0.12753952993712545	0.7604215048589373
0.1716041185196499	0.8013297181018327
0.1120106637994587	0.8171587793013647
0.14660925276854364	0.8388422008811334
0.13824386104133082	0.853692092522385
0.1317716272392667	0.8290319050913103
0.12135618730236644	0.8221804407306457
0.1401313796185661	0.8206852219790857
0.18598591736123837	0.7967137540072695
0.11348341688004769	0.7766035126969754
0.08710010559692262	0.7886376584173987
0.12561348139708398	0.8175591252234519
0.18019216504272317	0.7148761808546064
0.10975334954054491	0.8351493685568595
0.15188513288269737	0.8394726278027372
0.19725835562165206	0.8367254233368866
0.045093098187090605	0.7708785918402041
0.15237356265964824	0.8015583323359647
0.14292415236188385	0.7827400071519874
0.08203698200490311	0.7416736825476372
0.18673540762045968	0.8658383499505462
0.09303729675868597	0.8114333958547489
0.14708494252975915	0.7648901936133932
0.1256628300663361	0.865580731705886
0.14083120136124783	0.8104284464672021
0.1179155890566361	0.7772552644360197
0.12096765951603974	0.8757481432127237
0.13650993404975187	0.7799372619557357
0.10380547387515847	0.8031706973536278
0.12527149691911482	0.8171947724085259
0.1048491029639894	0.8014702790565584
0.1203854426789673	0.8599341116470113
0.1703578633417632	0.8671112547271356
0.15525359074296352	0.7949478248440957
0.13610465112322512	0.77891658641
0.16262645995943384	0.7786823445556926
0.15529243753627392	0.877507846628844
0.12151197814951585	0.7991375942536699
0.07335721375005504	0.8801463134041385
0.0758983144322381	0.8011125609572437
0.11207895103513807	0.8205745291619201
0.1253416732962255	0.7962871582663281
0.14302677086644916	0.7808191008984235
0.14261280086461073	0.8155906883877263
0.10544455278336182	0.8414930358247779
0.07492484729413798	0.8226641252334559
0.11605949252396561	0.8216476468908339
0.12026664668974525	0.832958596250362
0.0854130392095098	0.7855955246327319
0.0646188717913025	0.8478242829309482
0.11997429161202484	0.8485955317933498
0.1067580231088053	0.7746666187601638
0.1008292484200159	0.8318348784312518
0.0821740796158138	0.8067289807525916
0.16568109797552627	0.7604349609162228
0.162864509713916	0.792179123166979
0.19454023172064522	0.8082294460264097
0.11830365305878524	0.7530837251934124
0.18063131107478309	0.8132888531285737
0.11534713199927629	0.782610793281734
0.10867031531139133	0.7561067209967174
0.1354566267854671	0.8151550005364778
0.16278556473637923	0.7879198661078003
0.15049827572156452	0.8408157010260144
0.08873603083734777	0.7737077679236285
0.19444320770592685	0.824791606843892
0.17461740120568636	0.8508064489734479
0.1773404878810273	0.7871473268342865
0.12739690037380658	0.7578894556134298
0.1443045166500686	0.7949760204606945
0.15000551028339412	0.7992088267871151
0.18784146026352455	0.7867351184523713
0.20046263782284054	0.7406760174662825
0.1942105236309969	0.7328691466203685
0.14982107895167412	0.7138972010151124
0.13607926591027847	0.828978000052075
0.14614900873106845	0.8122982407710939
0.16425505142664035	0.7988652225545442
0.2323829154488554	0.8336936830402841
0.11874600125975486	0.8907103547620487
0.13679892435743493	0.8230723439336998
0.11585630145375203	0.8313769790436405
0.17635584297743037	0.8443245085147711
0.07236400112829042	0.8067697081568325
0.12401644900228426	0.8144152200066895
0.13137732779015132	0.7989791187141929
0.1454608418780411	0.8343614097818712
0.1509238329948098	0.758758872652296
0.10683404120724797	0.7691917048546109
0.16279692716589733	0.7833799440714881
0.10252228180206567	0.7680988338426991
0.16015582064309708	0.8639624474753927
0.13634412861125642	0.8335207692370996
0.16581736008395181	0.7871366774213049
0.1986426595204768	0.8250879685283392
0.13274828835305075	0.7873638034133983
0.1327489040195816	0.787277101134981
0.15118153710560184	0.8234240388121387
0.10746098617590105	0.880124438677815
0.12733517342796996	0.8520992748132776
0.12146970495109194	0.7882714097613293
0.1737067903828618	0.7917505459067912
0.12604116556837358	0.8218164541272623
0.11338098800808062	0.8744463553255863
0.19089243958186908	0.8080265160038332
0.1882592909793045	0.802779884527938
0.08134469960797856	0.8255721532684149
0.0864736519434294	0.7686143283632569
0.07721389773117453	0.7979799119383573
0.1425180938870344	0.8156050010882611
0.15129110370852525	0.7719930427509071
0.1267110820982586	0.8195196915149137
0.13386775596624104	0.8398084247895496
0.09384281535319824	0.804153790360516
0.04414609127053783	0.8144768156283655
0.16346188390032027	0.8019980180325025
0.18769888017169709	0.7835294772901561
0.17235029980522035	0.8012370202892404
0.11155797651030891	0.8368907575053751
0.15698103604401586	0.7724085936609687
0.13492316687211492	0.8053600081266379
0.1097286845639456	0.7667624637505748
0.1905005283282626	0.8356278415566946
0.1761868386383521	0.7936925786431985
0.1655444824514169	0.7825243204621727
0.10197640304539779	0.7524772021926263
0.20894506672237995	0.8461487045835367
0.1042678654078589	0.7269349411984077
0.10165150969965625	0.8310157047242336
0.11760119306399	0.8675409156002233
0.18133861574233714	0.789841937740445
0.13562638422817885	0.8918843523721107
0.18254385785583083	0.7672531932735355
0.10241057447242852	0.8174776919170853
0.1107469514846057	0.8134124811286426
0.16647200944942586	0.8043697485454463
0.2098775472672761	0.8723862588334089
0.08746966202034998	0.8560361163776283
0.15029684120678952	0.794940885719968
0.08301583582953886	0.7754743713727412
0.14036737977491182	0.8448770069618539
0.1182442240096583	0.7566559945480087
0.08660727171011554	0.7549615081053083
0.19447701947218354	0.809479628378395
0.1236515845247527	0.8370742312233982
0.13063517090460214	0.7913833535093494
0.1457338416700112	0.7639210011320509
0.18843385701032891	0.7915788031979295
0.09049566598809541	0.9018069651555348
0.14527652299174693	0.7857800622258339
0.13972937353934847	0.7828303715907123
0.16100938392820693	0.8527094267958453
0.093950900626867	0.8294820809331733
0.15054479088753372	0.7876651840386069
0.1113806362127514	0.8597090553860369
0.1421794436411853	0.789032214686199
0.15631880856694458	0.8597284382927328
0.14924897241207438	0.7844457041685595
0.1852826039993541	0.8329684201627388
0.06380504820863751	0.7241037746164545
0.11780327091481345	0.7932879467863722
0.17892128175085284	0.7896708672978364
0.23132480722129722	0.7817907428453736
0.0720711369821918	0.7495802710600217
0.1009915777219502	0.7419137337031623
0.14447518336183207	0.82660550056978
0.09074895523252854	0.7793371770321272
0.1650096071610322	0.8301502864615607
0.16903107309769752	0.811699321148546
0.08063912310640106	0.8046560970380305
0.13771214244502247	0.8175525361374455
0.07366187371913037	0.8384009261080707
0.15137855891648846	0.7912007126092727
0.15127726532719893	0.8668586686182951
0.12723830054567267	0.7601541217446308
0.1026174208238293	0.7945601735721316
0.16379122079856448	0.8402002512700528
0.1828795632364943	0.7812297373931617
0.12232237498609172	0.7947689438209838
0.13157579516652126	0.8305154759634588
0.0808913143986329	0.8815591009677851
0.13661458400466692	0.7068102687995848
0.13400481105889367	0.8334673190459894
0.07814943153222609	0.8702232671915597
0.11173834703978167	0.7413992449982406
0.19882910227209288	0.7947598989447834
0.22539424264632768	0.7504074764899247
0.11302205942363108	0.7683990646384766
0.0627196394984493	0.7492081755142369
0.11116316423354244	0.7851166214065559
0.1412471426855276	0.8522568893539673
0.07761551115714688	0.8112074522491067
0.16333168900719058	0.7587236027474342
0.07893090785287371	0.758427627327528
0.1626496959571511	0.8712033153593545
0.15729341860896365	0.7626548984323847
0.08147807326459991	0.7224419087962761
0.16524166624547726	0.7855242364757061
0.0968265205656178	0.7907582364113561
0.10696262765968503	0.832409731610926
0.11954212862275962	0.8189586399540585
0.1851790078287486	0.8047790619262628
0.09496439141019505	0.7633031611908984
0.06708290657525691	0.76936794775525
0.1905306238901963	0.7777280758630348
0.12534795672168292	0.7656063959894314
0.15800562290446996	0.7565953010838463
0.1414817216987601	0.8031844458986515
0.18132114652977516	0.7616928170480997
0.14915521926780645	0.8000228560456035
0.16648801783390085	0.8429975376778471
0.14106683641878698	0.7474870149804125
0.1217447520054099	0.8137572745416981
0.13074437003013517	0.7806634854728107
0.1836565542376882	0.8644495527987772
0.08819564083833743	0.8086317426771723
0.17505499945341102	0.8209337698351118
0.06131734039824731	0.8156780196983495
0.18323133629640886	0.7428423988739682
0.14287159812806052	0.7482246259670257
0.11789812458746154	0.8146900356637812
0.14153036759702758	0.8009393606282903
0.09619313666452153	0.7722898083707679
0.18279115012636404	0.762157646929964
0.0671805117836562	0.7659934017644248
0.098394683162186	0.7157935185659955
0.2237634035068906	0.8311171451380698
0.07022522640754521	0.8191735465661162
0.12525791385947943	0.8703851845754074
0.11026660903770019	0.7450009038445777
0.12119950683496535	0.8080326609058601
0.1092725378536114	0.8059879769609304
0.12271167049238943	0.7458857024114155
0.17953024942384432	0.811532129066447
0.1694253991399954	0.764327844376241
0.19461457855758602	0.6938788958033025
0.1008307999398581	0.8557074924215071
0.11841748853168815	0.8290549715905821
0.11314468329065709	0.8154680447880374
0.15454332977644603	0.9156263080040137
0.19989745628740258	0.8457185859764995
0.18384862061343377	0.81782917207593
0.14693625056384188	0.8505140789177371
0.0997068423916774	0.7736653450953475
0.18769328512454111	0.763077235805578
0.13572935904671507	0.7850810745876957
0.11908952360828787	0.763738631678317
0.10611117624123864	0.8199129284148694
0.14902692559963554	0.8220497933308916
0.0837657864904856	0.8060557106740237
0.17295560636110582	0.8219553286723504
0.15633351469877416	0.8278015291189189
0.14837220958609912	0.8051086643498752
0.17586055610072943	0.849961920326724
0.1188962159278763	0.8443531834700222
0.18511510867548403	0.8367123634858024
0.11897653479775566	0.830594144936772
0.08162332771910352	0.7963143270581325
0.15644376937191196	0.7851601356053494
0.1734414427164973	0.6909243612009536
0.14819484957394272	0.7891959124687075
0.10954005072347442	0.7543761729819671
0.12488280198294838	0.7757479454786242
0.13391886629036043	0.7419217068866042
0.18279837377687624	0.8349398804057397
0.12538142179030876	0.8488914601078629
0.09675673669802862	0.7685541273039049
0.1248678276452389	0.8129273883479995
0.15988199774154024	0.7722615788666511
0.12459564679658977	0.7926292594934321
0.16349263838866818	0.8577264349315629
0.15347449612014402	0.773829264243237
0.116045561111223	0.8251892297277562
0.05871447229905814	0.8047864491381591
0.1636630460085846	0.7763533223089022
0.2043327665465895	0.8283499115885355
0.0790556909122645	0.8011557756867594
0.1631595293292986	0.8208930588733023
0.22144561977274582	0.747386679499384
0.23303727744778674	0.7773572290628338
0.15140379762955	0.8441662882558003
0.08542451559797448	0.8654841919870473
0.1401514658647272	0.7445539655310413
0.1643419959229661	0.8405039366046876
0.11765378710376746	0.8520544539432435
0.12619614569737295	0.7813158026239032
0.17349900072847235	0.8174803133490081
0.16918667930236664	0.8021336476066606
0.11914908365632201	0.8456802680822509
0.11492270988107287	0.8277531274409933
0.14575506541970862	0.7980616503539735
0.15941738324948937	0.8552365206312433
0.21412833206806134	0.8482850872149919
0.15841958631504605	0.8122721953205293
0.09694726396406991	0.8238600570860827
0.1767903390571342	0.7981209789220646
0.1206178980531761	0.8118683499466479
0.10179642658634135	0.7591779052272783
0.12009254018955906	0.8592976294031162
0.14558262855082688	0.8171504526067217
0.1349918895837886	0.7921595173812315
0.14994572185800917	0.8150750173722496
0.16633647013580588	0.7456492729241863
0.11978812842889401	0.8635568509234274
0.1568219645403001	0.7775621535316369
0.15902201615271538	0.8162128312927529
0.06747744866378688	0.8483897978193101
0.14610577005109912	0.7853334886875357
0.13010210490670546	0.8301087541224537
0.1632031168846052	0.8040611534016849
0.16310110331540983	0.7803807641709701
0.1392494767872289	0.8283905348352097
0.16047636251618896	0.8131816028189522
0.01716558412629772	0.8280263104611141
0.14413110074911809	0.8253728444864532
0.0968851144765755	0.8368106961400271
0.14162862041293647	0.8258870615320616
0.12118856452419859	0.8038488914825846
0.17799764993543057	0.8594996970730217
0.2127735250107299	0.7799406881929943
0.1493591506541728	0.7656065641825484
0.1750994537357301	0.7829488804178167
0.09725169654155769	0.7913787294001309
0.1517865101399678	0.8157697348788264
0.16413656155085585	0.7373555679815367
0.09053277707197506	0.7599722875773541
0.09520147076407529	0.7259220264567705
0.14377636382829798	0.8185562873537261
0.07947995453687788	0.8608194849238804
0.14241661636545122	0.815342415281679
0.1402514324919738	0.7447685265100279
0.503515697886836	0.06209877956292858
0.4210982894352955	0.06482768711770018
0.5202514269038053	0.12844786245974635
0.4934966348106994	0.1407757387856747
0.4937206885704509	0.11594618766484503
0.4709554891114214	0.05528176935026691
0.5038405410098723	0.13168500784516046
0.4298882871444188	0.053110434782057916
0.51485698375827	0.041143420637307984
0.49730290724533516	0.03907517967272925
0.45456030526189456	0.05637862711248892
0.51180775707743	0.08160500390722017
0.4670558502094002	0.0393131880709564
0.4547245429242921	0.0694928569932191
0.4968523851881852	0.07649625906239516
0.42212949858250914	0.00814881954241961
0.4516421735060661	0.09655353793000904
0.44450862558713805	0.15688216269203814
0.47862320982394213	0.023945097351019684
0.5611570874698619	0.025589109029153498
0.5094437899229999	0.108825592401402
0.4228606528967407	0.1266360419209565
0.47874842982733556	0.11339472074993515
0.40581303205719055	0.06936485663153066
0.44963059332221095	0.018721591165940167
0.44928811750401443	0.14563172048931528
0.48912046929401454	0.07643880061431393
0.448620560738352	0.12169465517156046
0.4979990070548201	0.10271183454203954
0.4287872740685866	0.06009101995004215
0.4859553898154776	0.08507720796655405
0.4767881407059575	0.10357632721342663
0.4917617675680864	0.032143174824050526
0.45808732397683194	0.1241921761382802
0.5376329370565381	0.05992727134867161
0.4862045911823182	0.03625275111301492
0.475999469189176	0.04312927059993442
0.5547093793637344	0.10545346090301178
0.5078624087863829	0.07164180398628844
0.47455672405367477	0.029736398169907335
0.5120605758503487	0.11786616504565119
0.5093856568432574	0.07654351933057457
0.40847643178796866	0.07549902638558302
0.47191175779761696	0.032978913662873637
0.45602036377518523	0.07121731609270132
0.4624066653738203	0.04507821483862529
0.4605246014500191	0.0689405259673715
0.4735119209347968	0.10333847016860764
0.46357305772601004	0.10509816357993298
0.4634591600511113	0.028353751711132198
0.44981384787232703	0.14769725423328056
0.4420202707547639	0.12483158007768672
0.5166204140582237	0.02727762876438538
0.4207702503280681	0.05029456227218322
0.44926176961843123	0.08066302387490984
0.43224356702280753	0.15976190454793682
0.45133182004200756	0.08358670158151896
0.46165307257487825	0.09745945976950803
0.5178258225400018	0.02953808800058283
0.43802159579542205	0.03850403252104277
0.48062752935032094	0.10404601123243395
0.48353934090415646	0.07458304402796924
0.4443789606555114	0.10723431249346127
0.37362887400636446	0.09672000205981857
0.46453082725557576	0.10902123968390266
0.38940928188334856	0.058809083486755356
0.5331237357963768	0.06069366495698844
0.5132689038040973	0.0231629749625687
0.54932493738828	0.06661246569448029
0.4893919082415633	0.1199307730219031
0.5339436829562082	0.15024666324356578
0.4817122405782472	0.06855572995312538
0.49987080336523565	0.04020185608351643
0.5290356837922944	0.07922645533025695
0.445484180665445	0.07787400209781631
0.5377204674165574	0.09528102665041172
0.39011303826936683	0.07457005403417828
0.43450168144203494	0.08626885842363016
0.4470804740502671	0.07272482284175749
0.4501501518074081	0.1448778587729479
0.4847255384720442	0.10011682974926525
0.4944646345034685	0.07846479465123321
0.5128115617485282	0.20764793321593827
0.47563549777859687	0.034759967238319596
0.47461059933720967	0.05855658295036008
0.47016636542889784	0.08108360334963093
0.44725082490291296	0.03297951185542504
0.48539265395546255	0.04067987649864833
0.4769428052871959	0.005674193364894456
0.43942561246582995	0.08196053910389393
0.40632176711003476	0.052489866506973556
0.4558813695066487	0.04149753906919233
0.4440017132118372	0.1033914840308195
0.5097480942206137	0.06840239262911182
0.4498241627747547	0.0672193619862592
0.4297164692223321	0.06511707230087649
0.4937857259880027	0.022048999550820327
0.5374314644384279	0.018814821155927856
0.5134666597013338	0.054889923205491735
0.44949357763166087	0.0690434453069612
0.43693856165613565	0.033563185267045464
0.4758033314056995	0.012222398674841178
0.4726978926677406	0.10638158561982788
0.5551821644283697	0.10902406674862927
0.4886586720605399	0.07382222206560633
0.527904298453684	0.0
0.4722380298547851	0.07179796370666096
0.4754476920516854	0.10376474121113347
0.41645017168656506	0.08470124830661065
0.4949168920508975	0.036280385814497135
0.5253052195222528	0.06930091705493906
0.4726000255565641	0.08596956487105994
0.5188659064367874	0.059230998754459724
0.5013495834784055	0.09272564151541658
0.5876032735606664	0.042948817114574135
0.5096513811625859	0.09747540459827032
0.5201452588260391	0.0
0.5049898703515084	0.10250628113181431
0.5105133276310413	0.0945822100205613
0.47412197791092997	0.05266418399396348
0.5486489656580452	0.05563251769596061
0.5208162226821234	0.04088549454688621
0.525771283627782	0.06987609001512105
0.45158369156757616	0.0
0.5348369720468468	0.11124538702462189
0.498515767549587	0.0738447735400812
0.4392484664432003	0.09090643973713294
0.4763339765712419	0.09096354545077481
0.5004886533381544	0.03800127837714315
0.4716415993242902	0.05105300936586934
0.44540377722771646	0.09640578162810923
0.573367117731669	0.07007328966371504
0.4704134084089118	0.1562173302959668
0.4657738940513385	0.06712566506582276
0.4632997834101555	0.06287228078737914
0.5208801531184454	0.07725796416009893
0.5071868566301447	0.11211235106851591
0.4617388956859691	0.05474067037964757
0.4768966920692288	0.017226985799740635
0.46309569729997585	0.09240333058820008
0.4588426092554705	0.05392753172757994
0.4883226325114881	0.0670748465265327
0.5238056632018133	0.13868031373366452
0.48129116839603714	0.17127091652702459
0.5672814647372448	0.08430430700618874
0.4489469639238062	0.08145901078437609
0.5030184425116867	0.13405981757640362
0.5110432841557592	0.07708175874728068
0.4420858348571842	0.01961144808354731
0.463519992622708	0.07185376363810482
0.5026060884562188	0.06515222947899149
0.45955722426256307	0.07370166828505079
0.42876973044409905	0.09965951805599066
0.49684588759770293	0.02350053407860788
0.44869491485780333	0.04536763076575629
0.46791723471745333	0.10184404384256598
0.4455724715621767	0.06155149116544953
0.49239699424270206	0.006783397644727282
0.5264710199509842	0.08317052436894741
0.5270633364391933	0.11354896520486453
0.4618538549477327	0.12901019613761866
0.48853579187912105	0.10863395600777308
0.47704133055764875	0.0894374347203392
0.57560526966757	0.07693981480272319
0.44879734691559126	0.07305432346796466
0.5071030776722631	0.04826474095064122
0.5116673908075733	0.07385685719814557
0.5205658115561196	0.06690156312669078
0.49640378205799396	0.08459672390227588
0.45422394518229875	0.09589596262009592
0.5366985343208382	0.047155633035764734
0.4260391624762124	0.08073610054213548
0.5278337768525363	0.02276490323154308
0.5271209899780964	0.04913407058771728
0.44156245321805376	0.07915410193629066
0.4984933605071292	0.06809142456938408
0.540202157368537	0.053790816313975316
0.4707545546110504	0.03697518512781628
0.45454888296981694	0.09033146089692423
0.46685243171486934	0.059250921039175064
0.5394962961328194	0.06342140802628679
0.43473378277864017	0.07951524311627103
0.5059631413125478	0.07063143860224935
0.5022926090358347	0.12898293859355095
0.49688955327656353	0.1374143620029608
0.5062793739167619	0.06927708813048293
0.48047178739992114	0.1350904487969898
0.5210745822956538	0.13756151890286406
0.49394138179239866	0.13185011166720761
0.44759203425155125	0.12132700554125503
0.4775978138420499	0.10809088727109598
0.5306948569059157	0.09878785816395666
0.4852803276255454	0.06111839243561874
0.5160920250535995	0.12013098123627988
0.46129228878197154	0.04569013291736023
0.5337547730936368	0.047689303026819056
0.488554149111864	0.0686702476311846
0.44454178194827604	0.10158660558291477
0.5033683581125503	0.16345647000523086
0.4451050677517764	0.13750394616893802
0.5403983995633141	0.1450186283787614
0.4122336895189079	0.09937887669035414
0.4490695472075731	0.006257588489243862
0.502864937179025	0.1291778139894199
0.40797002780601643	0.18594220265169562
0.4177577019414259	0.12056804555063147
0.4628758376511007	0.12686440990704567
0.4419539949938266	0.1165638631779343
0.46673282429490726	0.12382494586082284
0.46192123619948056	0.11729279884441986
0.4215726209111387	0.17347499280985923
0.4735270197500529	0.17595817258571855
0.5054393363977961	0.15840382244814635
0.4794341888125638	0.11464954497394982
0.4939638216781404	0.1643920069633794
0.491573075819662	0.07990789358824074
0.4903956952636563	0.18237436448536942
0.5101441483449415	0.11393920767267302
0.5066973195780845	0.11474876138843965
0.49275205054226323	0.14206458300977376
0.49374987890003713	0.12885010623317614
0.4468118276495969	0.10980118873092196
0.4535745131242337	0.0927458328832922
0.4990321620357422	0.07612815782507643
0.47824765067177644	0.10037963040135153
0.4252413482724075	0.05719322618853012
0.4336298726060341	0.07773090159265064
0.4598286243863537	0.1438774429725627
0.46946061889168306	0.07491606051772018
0.5398627632076497	0.13960109226105982
0.44792323858599997	0.11745445551319231
0.5505671366150254	0.12059820297195843
0.4875059995215281	0.17423773287766853
0.46185332424366865	0.15788233881284394
0.4539649949353134	0.13532818880531208
0.45123139477358654	0.08851654660963898
0.4403950558105332	0.07422222986730898
0.44540460739338444	0.09836327139502936
0.4495370928181823	0.13886323156576147
0.5063047850125397	0.024989677842682315
0.4740467024327769	0.0228350028380137
0.42504015343567664	0.0898599523749155
0.4432433798698092	0.09705554675418403
0.39349409498190174	0.04040422536142406
0.5203444854690569	0.01831549072418092
0.4027308857948192	0.0
0.41314503570297734	0.0
0.49125663757363286	0.0619780938472993
0.46446787700369807	0.12553492713086348
0.3973701315548199	0.045559552344464634
0.4321586738779283	0.052604086743578915
0.5157850534678915	0.07451073109427253
0.4646741481116678	0.03990526631830678
0.43649540524325137	0.13937732246784304
0.40368101755298796	0.11265777789322823
0.5407442710396709	0.05106676775831992
0.3988295858024529	0.04187919021856641
0.4257856448716527	0.08757167189493671
0.4276497979373743	0.0
0.4542545486993657	0.08563621110551574
0.41835169173128123	0.06278758787274516
0.4661835576280448	0.1788236079946191
0.4656711048242883	0.04491611638510467
0.43875034195610946	0.06292473275276989
0.4290197305854794	0.09752723148344387
0.5064637093274749	0.09702976884300998
0.43173122705275174	0.0854671197117697
0.4577917007590054	0.07537737430683034
0.45687159173438185	0.13271445954699734
0.34796272704206804	0.004664068035347135
0.4324133277270215	0.14302702667990264
0.4549670818186815	0.0603991879760037
0.4749533812018989	0.06590379343838774
0.42956923654948126	0.1544285160925462
0.42215232790008206	0.05606216225850631
0.4578523839438929	0.08574398329945071
0.43885622085691356	0.04839474783630415
0.4770751923854897	0.06514507472516466
0.48004406330598126	0.05280544927943616
0.40685816329209146	0.06571029303101636
0.47107346247008636	0.02341412370290529
0.5031780475464507	0.10049886975078764
0.39277575665408504	0.06815711349385956
0.47244640335837385	0.033714655575149265
0.4252524420039609	0.05433607256623112
0.4611111128912218	0.058074485976040306
0.4544544503568767	0.06386755833926852
0.47119919167275937	0.10959816581751097
0.43782265193775105	0.04291560622856478
0.4233666083583137	0.06675714290449335
0.41464193937964494	0.007940139681851976
0.4595983101437804	0.10916573684926623
0.4849183152844182	0.10406746068525366
0.4534049662043003	0.050284170746837484
0.47073955374220267	0.04833787016769196
0.45951350777723543	0.04656169224869557
0.5132241638155751	0.12237948257819851
0.4068096184947939	0.06844617220824406
0.42580553910481894	0.05248393101384366
0.4681682322594416	0.13058936671912627
0.4333098765536109	0.07404032393054749
0.5024154818790093	0.0909911539273155
0.47239364591002614	0.047704531577423895
0.4754837309297889	0.08211843589026903
0.43342150220479825	0.0746579234854917
0.49692478832667186	0.09533858861834406
0.41527595553228586	0.11471262292334544
0.44547096130900254	0.08485403211936084
0.5151394400352948	0.1010970505013806
0.43821178612907	0.07348928682750211
0.4300714198571398	0.1199958421044904
0.4163940883473687	0.052429015115296684
0.4454443537418479	0.11776281893056774
0.5040033330896381	0.1279789298190584
0.48694491443140714	0.05607535827060342
0.4649244076474598	0.0497203268147553
0.483128181027284	0.11644678021884322
0.46646048359125675	0.05843886702059646
0.40843909775256554	0.10504277310099626
0.5002817315275365	0.08558775944650025
0.4691854534299252	0.04989625914544433
0.444698347674658	0.07284784196646378
0.43586554300719976	0.0425945406321596
0.47235275234359836	0.06868625331595493
0.816739259645855	0.49527608003800166
0.8168234031768433	0.42322233305352486
0.8039111475220007	0.4855857823386873
0.8071939742353389	0.5229686947487031
0.7959531655224688	0.5045739176375075
0.7752982123551757	0.473450730523125
0.8635077947198	0.5384820098540307
0.8625629906358914	0.5469503445369682
0.9919439753912866	0.5096752366018308
0.7975659195114913	0.550988484178027
0.8073077371659017	0.5194086170077654
0.8596030777293968	0.47820823448814737
0.8541166117826412	0.5103351415927517
0.8608899924520349	0.5388856079577982
0.8346906845312774	0.48722578545602463
0.8179005000897847	0.502788919522006
0.7767317043592785	0.48093997507876435
0.8052350618164882	0.47506875846329755
0.8843934506373904	0.49801719537334616
0.8203986080367074	0.5004802573752737
0.8114658008340819	0.5024758269439897
0.8112054093931805	0.48012285489714707
0.784832094473689	0.4592807747340317
0.7910964338680213	0.5162171254989353
0.8050849206496286	0.48873747346654556
0.8337035459078558	0.4972970296887656
0.8295592182391099	0.4819130848735684
0.7915500230857684	0.556944081123207
0.8214064314550286	0.5732069710188366
0.8601619709227539	0.510459485841119
0.8243045791904926	0.5125864139565981
0.8543036339162808	0.4989476789551497
0.8191117638581865	0.5062993297651661
0.8023056817614213	0.5109073275666475
0.7936113351596927	0.5109171797947326
0.840575420651231	0.49590460527414015
0.8274689502702632	0.49460916885539047
0.856442283747361	0.563894855508295
0.8603213590944886	0.55716883613451
0.8402995985997013	0.4887348292116873
0.8103707183104524	0.4883156346763647
0.8127543313542698	0.5254850023987883
0.7913604261413147	0.49010157877544736
0.8690171267862496	0.4918637411002323
0.7297637999896553	0.49900674592702005
0.7836550549774869	0.49086780252782924
0.8599028957276688	0.4831821698234135
0.829287148583303	0.5148711352577903
0.7739072996345111	0.4761533336847496
0.8191335068802151	0.5585775013462312
0.8252315001759217	0.48873666832791895
0.8921681710011092	0.5270714622077164
0.8739884463478718	0.49571342718827077
0.8157569815237123	0.5511323720623219
0.797575401287185	0.5332248409247026
0.8309130611992496	0.60716452549361
0.8737528899465318	0.538653685036257
0.8540143083526379	0.557905049089643
0.7660355022059375	0.49784356112648537
0.8641032017163437	0.6009824021368267
0.9487419090122204	0.45790078342790347
0.85744510483513	0.5411952028498443
0.8193668674296547	0.5138822411661674
0.8258250695544854	0.5228372986580107
0.8846764604781154	0.48216483062531956
0.8482194292019792	0.5507813081410818
0.8809942720818638	0.547198093343165
0.7761760710890304	0.5216794007750339
0.8029089397075023	0.4884632849091215
0.8217613532593304	0.4794463762766561
0.9311034654962739	0.5062862102269187
0.8075714415350107	0.46562265830188315
0.7375452052685287	0.5155064158332056
0.7868116825854459	0.5593892778623738
0.849060950221853	0.44147384547845214
0.8286697870167268	0.5213211997051559
0.7833255013898527	0.46899937855824414
0.7749453058980836	0.4407289892341084
0.8022414022936314	0.5957614443076222
0.802540783471333	0.5564300012906233
0.7027491015959865	0.5454218333643289
0.7508063756210972	0.5468306817615952
0.7727036149936879	0.5791910178734935
0.8044115273729712	0.5736997682976034
0.8622871740548474	0.5330433709400885
0.8856120418917595	0.4905285313679619
0.8844002008533812	0.5194291806584383
0.8921982137735279	0.5181484879094441
0.8771978205016779	0.47039408870884497
0.9427170005901601	0.4994650897718843
0.82895126174179	0.5024984566134463
0.8727623664107179	0.35580571583449744
0.8899617345914281	0.504683207321098
0.8294238812719618	0.5240604630172372
0.9078707004685148	0.4501446459609427
0.8680169000603528	0.4749892211011315
0.7913803264909381	0.4461621389216529
0.7864273614662328	0.48776215641439064
0.7611210660803336	0.4072941451650275
0.731318373219672	0.4753848625851706
0.7863928056869126	0.5416557228303683
0.7743040313323374	0.4379663590800513
0.798039332642393	0.5588625574896429
0.7503830178673344	0.5025421868495669
0.7686979831293953	0.49211061257051325
0.7940276314075531	0.5661317529060285
0.8466740333971965	0.5841288593405207
0.7937615289890394	0.6081895191854451
0.9516218020704722	0.548284701506133
0.8700486038174281	0.5768037098239284
0.8712259144518141	0.5451273586118681
0.8719592227763413	0.5271624312170243
0.8914747060574449	0.5729684675499359
0.9239075578854732	0.4449342255001504
0.8843021263712488	0.48858425380575005
0.869357854817273	0.36774289471067856
0.8764960922528269	0.4906739765777399
0.8185988565129529	0.4823669278270454
0.8563755057780041	0.5150744775304933
0.800518522729651	0.4577523699719502
0.7981928175475996	0.48299098668029866
0.7069681623006224	0.4855582810789896
0.7468925740487338	0.43332533217915586
0.7539365585017991	0.4109090441664547
0.8265566602709008	0.44506740558136154
0.7740322906006786	0.4269180246232631
0.7381825448024835	0.5287480178937943
0.7738226922930842	0.4794132421201569
0.6908761916247813	0.49322172589293617
0.6910217757849221	0.5317993263076748
0.7570585686950212	0.5175216406246366
0.7750346109243539	0.590090432322023
0.83864645564067	0.5565038397485043
0.8677090997786695	0.6006896610138786
0.8139974002968049	0.5897850699224821
0.8073754008149885	0.568931389321709
0.8326093788069521	0.6090276398089469
0.8219670310496326	0.5550861877759656
0.8642496172280257	0.4590141786489808
0.9088084731714139	0.454488392076681
0.8835385937997965	0.44496780888082893
0.8416823347285863	0.4583103965936073
0.9222607808822582	0.40470531001976073
0.8404273564537292	0.4072901244187765
0.7677042373805664	0.39598804094799006
0.8215093825593379	0.3666496080443297
0.7298348280857719	0.4509628558177562
0.7512351867247973	0.376899599665573
0.852653670332808	0.38833670987603386
0.8085721695791752	0.40589582478287317
0.7839111523584744	0.5238131635103542
0.8094732582429037	0.5835565576868605
0.7604527803278718	0.5040249532251502
0.7818250763961799	0.5646647673088704
0.8115873706895468	0.5870616112118596
0.7405049378980164	0.6116383565234381
0.7741002189394286	0.43877753873635217
0.7024123365032248	0.5128259608420297
0.7457351973045544	0.5093576561682938
0.7589372162563424	0.4358677100151443
0.7355316477517924	0.5160895038621585
0.7344370119145329	0.4295751461309582
0.7723013516559468	0.5460035433867757
0.8552485531864562	0.5067590172953749
0.7152089247513299	0.5081089231695167
0.7655574581441467	0.5263494790001405
0.7965247435750051	0.5682331523241065
0.8364043551323159	0.5717280532149454
0.7911673372216649	0.4338064770027342
0.8045859710195156	0.484976316095069
0.8730487571881249	0.4189837900469752
0.8221052505884342	0.51156586838993
0.9120307496421112	0.4751459331551822
0.838195386012002	0.5011440343269898
0.7632712637128154	0.5310428618190148
0.7908963674096492	0.549458469605607
0.7380709064159511	0.4930812184487387
0.7662458083259528	0.5388147578030295
0.7246393557707823	0.4772385132270253
0.774876307095629	0.5378190365615187
0.8351135052595268	0.4742151125496509
0.7822693666108479	0.5341485729373163
0.8194888570086851	0.5339677538069335
0.8530992737790705	0.5029821588176991
0.862573180385948	0.5597083332417571
0.8321008706129135	0.5158060106197209
0.78825361828419	0.4916024949317211
0.8041582837290809	0.48438153705095516
0.8860042038618984	0.3840802639349677
0.8368302020370305	0.38227585417334276
0.8556393204871208	0.44875216525593903
0.8713461367559275	0.5050113831253233
0.8041542236685199	0.45545892476168093
0.8773768564780453	0.5174865739178853
0.7554415624482834	0.5069218213510687
0.7393306416052324	0.43080741950237783
0.8001979331607267	0.39470189556174906
0.8206478090845835	0.5408750672177006
0.7865902493625588	0.6042178320510997
0.7723214521596805	0.5187599746906428
0.7404618881942802	0.5098046152578876
0.7707931494056333	0.45171808000749397
0.7898947050729601	0.5594734160556475
0.7605922903928439	0.5018375728259009
0.8460486083932548	0.4980847845068385
0.778600337606154	0.5918374849509731
0.8687454440708491	0.5751863477527285
0.9367929599987066	0.5314973911647455
0.8430495824293144	0.5589608744784454
0.8696499249700157	0.6070178795736779
0.9088632912028625	0.5218131970290985
0.8912667716173437	0.5057978988698961
0.9252812481354646	0.5216043595896415
0.8918861839008517	0.4927481917171578
0.8576242362023069	0.44425385299694375
0.8619673464590698	0.4459950232970252
0.8075219851569877	0.44268861427463724
0.7196338733039869	0.3922223883659484
0.7990065396825735	0.49537396830598257
0.774347813798432	0.489252522919765
0.7229903265968805	0.4702927991917034
0.7200228521911028	0.4207920263273053
0.800601239473294	0.614292126371812
0.7704599185350963	0.5162987104212828
0.8865599642131169	0.5474811210755591
0.8162326319383678	0.5172135513694864
0.8423056366892947	0.5025219513588675
0.8111262518974142	0.5384391465658819
0.8944536619653781	0.5107372058562433
0.8552863920652394	0.5066275712838805
0.8383750769950398	0.5298401834062463
0.837253408036812	0.4290353395131243
0.8300117867857317	0.48726848039148507
0.8600024096293679	0.43184367748496966
0.7866978722395492	0.39259255565396356
0.8412610837363081	0.43270155622499473
0.8887393401907807	0.4004453670093499
0.8433399930540776	0.48313303639707095
0.738712384733944	0.4439145262542809
0.805091394520966	0.4396545422477974
0.7153811278322585	0.42841306574049554
0.7379365178520569	0.4522674740672901
0.8019503723628656	0.4228176485305653
0.7361010784083716	0.43453448039328385
0.8235231092603819	0.436272083986708
0.7080196916618602	0.45395243162744064
0.866598227537849	0.467906785179062
0.8110691926583409	0.5453731534322552
0.7608598552368241	0.5015425236509312
0.8017285610746858	0.5932112567251284
0.8417042190899049	0.5427421212160692
0.7569854735901896	0.5928001444689769
0.8298429347921771	0.4384259386354673
0.8519312443153712	0.44565622655517995
0.8827485766725722	0.46802778573979975
0.8849975995455409	0.5264531462370491
0.8901258221942461	0.47179190593225945
0.8566567164154443	0.5016372216298867
0.8220760314082376	0.4705654494658865
0.8300866033748852	0.4893023517612332
0.8368354507307302	0.4665964718568402
0.8403880856394328	0.47434446829027016
0.7739477311367451	0.497353622712302
0.7649561422686437	0.49049148492905736
0.7512142331070442	0.4253216186339309
0.7894486912847938	0.4417477919827169
0.7446127427693767	0.46826499569541685
0.813915468299558	0.4950169042581701
0.7837759617823165	0.4841396473194919
0.8133631815379131	0.4320477338741421
0.7544254948498123	0.43577749751827494
0.7947410996562171	0.432439192722058
0.7201903569904784	0.5162446725574384
0.8464765855760535	0.5183183867539543
0.7781882600009232	0.5184435798214089
0.779238186854511	0.4635977715368513
0.8163897085167261	0.4577238730360868
0.7933915340127731	0.504016497886445
0.8021165479862095	0.4967036049074297
0.8461753538214469	0.4737947112782749
0.8523613276085102	0.5359238253659442
0.8290856016510058	0.46442155621954107
0.8125871570521801	0.4937038785549966
0.8535976214404954	0.43624721896542296
0.8280860626556448	0.4627240590047028
0.7755301824424266	0.43531068673178464
0.84269026072735	0.41982231853633184
0.7747584248384922	0.43709841611186395
0.8108657517819948	0.5253758506263487
0.7817443347049796	0.5863712066520839
0.7886450693059415	0.4727588798046193
0.8046894044606921	0.5337133498829384
0.881659198906234	0.5707874451926604
0.8763755151631474	0.519020586947698
0.8605506551631379	0.5490231492802771
0.8177076565246918	0.5316883834549543
0.9202317247628646	0.54536237832581
0.8168371188165003	0.5578261777412438
0.8236830062902291	0.5041863382668147
0.8319897332186152	0.4792230471256046
0.9203217935042269	0.44117681005275144
0.86467725971316	0.43322209915566506
0.8897296388573369	0.4707242491508009
0.8490076190813445	0.4667700069467155
0.8896257550169356	0.4685108538315262
0.8995413278267335	0.48006978840171755
0.19685374662178953	0.3704437761271969
0.06337140916904742	0.39312213764610365
0.1529089056513302	0.46885398058695216
0.13015214266989486	0.38311490666946857
0.18007250796113988	0.4427149452311932
0.16792129424369706	0.4350224280252904
0.2008769835482326	0.36650206945081076
0.14784626040500606	0.3479821379535914
0.07900058436580902	0.4469483530036499
0.1654211060041822	0.4308184747688449
0.12376529560622343	0.4169380229741082
0.18328979543807344	0.38720130811796943
0.07495610073045914	0.4303990407065255
0.10086709311835443	0.3857171389812657
0.14536027160709472	0.31329933369571855
0.19015690601948732	0.34165241499164517
0.21445973272448904	0.38126200329508003
0.1620237150424918	0.380691812398044
0.1721724971226384	0.4269176819819722
0.1968512565764339	0.39723538836363653
0.19426050673348622	0.42339827626002485
0.18149744862238976	0.398150096628934
0.1575257251411816	0.3242259296342552
0.1584694031544727	0.37445601401081524
0.08364811937683084	0.419965701516886
0.15609564431941955	0.3610648333680048
0.1319238795707928	0.36800138769352164
0.12816223697052517	0.3867041489958101
0.18126084190062924	0.42176523472720034
0.12470006242897735	0.40593227475449134
0.11999226959793595	0.35353237613660066
0.19462973675205086	0.36777143999847955
0.17226094563624453	0.35645128728143166
0.14081407693747489	0.40157499442492384
0.14244265660442826	0.3770956127308028
0.1200876095926959	0.35013202866123844
0.208743784720038	0.33061484410512026
0.10759824467892665	0.4092342695408524
0.11546347238344883	0.3491124742844235
0.13806366820805063	0.3486063481138094
0.14864311839212688	0.4067507384398592
0.1892359999082206	0.39365768888225644
0.20055795224615078	0.42443766743014205
0.22794809129544685	0.43304387594828386
0.18921280196138698	0.3682284667152946
0.17748683283196598	0.39368114956046835
0.15397649629889493	0.30826651563900975
0.10063240648650441	0.37689132833256866
0.18192224895882372	0.41813883161353044
0.07581034582070086	0.3389610661382245
0.0943788159427997	0.44200239804753444
0.16808276067350914	0.36132243065758246
0.1581195401108259	0.3733803703711471
0.14258092779919176	0.353855930099707
0.1704966250536224	0.3584708378976314
0.2090488522460105	0.3757027482223508
0.045960879323944936	0.3956054885805627
0.15127038794171707	0.4226525256612854
0.14831141755350202	0.3374442363135886
0.20548447232714376	0.40965753582536846
0.1457972776659041	0.40391964941418756
0.1494001974057162	0.3194106067140294
0.09954522793959775	0.4324393480238577
0.16929802950007591	0.35996290032201994
0.16734854252598855	0.38623571146022967
0.17262337008794285	0.3330782828959455
0.15102330492502958	0.44191040161804623
0.13766913755088298	0.3221517483569696
0.11952058034675084	0.35868765355769977
0.12736669891096877	0.4070988419004938
0.12845230611745315	0.3319940386492087
0.026872466072813364	0.3854836189366742
0.18509673433544174	0.427993931190576
0.13145863555840137	0.37166492823367786
0.22937194829263008	0.3465238685780325
0.07433971110447735	0.39022787409506393
0.08601603661956014	0.44351758170886746
0.18441698465657858	0.2959711322453495
0.09316352203952008	0.3793041718961802
0.21923482391316101	0.40550180292929366
0.17426954964914373	0.36165694727740866
0.13828389563599872	0.41730489620094463
0.1611290651931131	0.39035151632633935
0.1463384687231362	0.43647790006185855
0.1534084195574137	0.37840779140289216
0.12302589877331258	0.3871695657349975
0.18720200780765295	0.3766755207776508
0.15790794351449994	0.37589671238088473
0.11424056463957545	0.37293828132624673
0.15766556886006683	0.42102793600605415
0.1139337745818412	0.3901487470052822
0.10927329634898236	0.39755193265628075
0.10690594956650354	0.3577603795027067
0.15047103210011523	0.3845899016429217
0.11965843044603998	0.4284124416828388
0.16681624721558266	0.38278744851193397
0.12840185624032815	0.4139223233234091
0.15621085347322164	0.35682496137343944
0.2214347665484911	0.4297468944419504
0.11004216330637578	0.40576509226166907
0.17160002373430053	0.37270180754341126
0.14843173548095048	0.4170826314918197
0.13079793642591891	0.3636312761797314
0.16178570464373992	0.30149282042807624
0.14679714007534062	0.3344643983121408
0.15108700187562293	0.33644055544192875
0.19306051008381203	0.37596859869922983
0.07912967861613014	0.39530165363993186
0.13816429818754206	0.3536510978740211
0.15572676153545725	0.3956810363762697
0.1310018111959557	0.43020630949890015
0.16218049137313373	0.3322157593617444
0.16579038785131142	0.3709760658969619
0.08441150067870987	0.36037495476745046
0.12044564219509957	0.4015354881105806
0.04011471894785619	0.3458349979709534
0.14528402106177196	0.32134062513349193
0.12065233508101522	0.3705724608372535
0.15211300990311932	0.3804701556154419
0.17443228532241564	0.41001383965916616
0.08571491349869864	0.32622494783902484
0.1736582592902428	0.34437247520554143
0.09439859888300235	0.327166064898008
0.14224558469404308	0.34591705622091956
0.19544412794193314	0.2964970138674221
0.2526597379201892	0.35621250016762435
0.19797087891527548	0.4342774860814812
0.18880073767254113	0.3649240434776636
0.19320475192060543	0.3954230410191171
0.19639987445889515	0.4584793785078819
0.17986143522733622	0.3612375920140213
0.18202571696128814	0.427692361994418
0.10256866232699066	0.34648145602296687
0.15497924373446997	0.35618450897522147
0.1363791403319344	0.3508279274673827
0.16213867047814878	0.4038233723036637
0.16888606625507807	0.3943060531723485
0.08356869900061017	0.36116183650485223
0.16860830327528303	0.44094808826582127
0.15707422737107168	0.40872137723842195
0.18068966597042763	0.3733324380601438
0.23637314999560977	0.3785481167107844
0.2346376440199836	0.4188497061044201
0.15734526120247383	0.41609096803354073
0.1415531767076134	0.4215546535262194
0.15359202689383658	0.3687464267721277
0.1117126819376461	0.41367961498809497
0.18311882112276662	0.34612216936194473
0.09661704748506515	0.3104721024296209
0.15032966146502927	0.39933769157337407
0.18841481190995749	0.3669937682879326
0.17423441402393897	0.37370127252669827
0.13727260855814202	0.4250087179090959
0.13949853925354885	0.4064972634461211
0.16608209380894312	0.3823681659273797
0.1441174047575581	0.4181017661901244
0.14457073110674357	0.36637790986932395
0.1617806963379082	0.3793778543724735
0.1691623256473446	0.3727359555771624
0.1746036016117167	0.42622512104772325
0.10288155753268757	0.3822737847318781
0.12640419099660824	0.3629029555097144
0.1302358193664694	0.38933042474833074
0.11905085586622749	0.39727674230022914
0.1284475625876782	0.4441108632774208
0.16587215651741963	0.40160026628499274
0.11767499213770806	0.4028149989775503
0.12473552043508851	0.3516309768420812
0.13411375239677104	0.4065122832369065
0.09003903702189961	0.42746337659231703
0.11597604818585809	0.4398726556983351
0.11415873659811299	0.3675215874539205
0.13351610503999836	0.3832891888339094
0.1341737223905988	0.44514739616786747
0.09680220034356934	0.43909109773152966
0.16034717265365936	0.3934784134641135
0.19282736189746424	0.3190040078877573
0.11557316242462692	0.40473838265660916
0.12720147229148446	0.4343428771942429
0.0958646982911034	0.37540110077672706
0.14073254115426265	0.4898233603982791
0.12839447071397989	0.3779157580747011
0.16191993408927333	0.3673872426179377
0.07939788813127863	0.3440887795085931
0.21639817907684833	0.47742400628765663
0.15484994886852968	0.39099411953599167
0.10137616042188577	0.3345246874237336
0.11938323582131596	0.45492800844117115
0.1775194711936943	0.4091468872132946
0.15733637990728302	0.4208106838390975
0.12330942787920485	0.4708464699223664
0.1589092104228423	0.4100326972870653
0.1140576379106376	0.4558585051350373
0.1054998445195653	0.40841861838317906
0.14520682989925596	0.3800478927318512
0.15538547599942926	0.4250628399194401
0.17596797874707687	0.3924995867785947
0.12632098744485426	0.36991546067633174
0.0858208142336335	0.414737416001014
0.08051388050241659	0.39194675695082465
0.08860933156304804	0.33365377382297534
0.16003209146502315	0.46249144585998
0.18182091103742476	0.38341736386208375
0.09339438505967695	0.44872234943664535
0.1550945263412103	0.3698837339590912
0.13745096423653522	0.40654938343649916
0.12929672859852384	0.3558544191249362
0.11230750888255558	0.3351605888464516
0.1828607831764667	0.35645311879190833
0.16629024049465832	0.41138405996430666
0.20911243655577	0.36523671217872566
0.14582536184389738	0.43676207296380876
0.15268368110292646	0.3796639780813178
0.17303142332220955	0.41077755331366883
0.10684017430281909	0.403436389646746
0.16255628567434846	0.3931042891842581
0.45552770378769497	0.6069720352287772
0.40438163612767847	0.565667824260404
0.4260784152178728	0.5674730126293092
0.4734092357839622	0.5867411633942565
0.45940916544453136	0.5767453534901005
0.35272782031854216	0.6258789760826792
0.45028869195127913	0.6367741607296856
0.36643487530202973	0.5427984607880012
0.369569300104028	0.5833076856737088
0.34913941748305116	0.5619923304911647
0.421828526913583	0.6261727672107541
0.30306803968089696	0.49408844296540555
0.37374732153620244	0.5902017727149942
0.3872657347929202	0.5246454163237965
0.30926838722634054	0.5316705113642299
0.45088589612909463	0.5372559340118107
0.3221219063691002	0.5920232462420585
0.35781021460179996	0.6573015200521285
0.4564493085675445	0.5682409140159753
0.4057448602081072	0.5478311941906733
0.3929943958666079	0.5697005382349702
0.31949476443773916	0.5534480434330863
0.3789736832196176	0.522073791320467
0.37607227909132057	0.604517058840302
0.39731684631734665	0.5487100225230961
0.41416895729590497	0.5954455953139421
0.35807419738297896	0.5854584025130392
0.42143072636041057	0.52996865255471
0.37973447529847726	0.5961991396286735
0.33599913598278175	0.5696995164774052
0.42002686837178055	0.5405581178266544
0.3910732069175632	0.5524679583363776
0.4946347571263832	0.5816894539776523
0.3940273827534761	0.5622842095920375
0.4075912066727733	0.5299256600429457
0.4628238795034001	0.5669714638617289
0.4159691158001249	0.6367829033558814
0.4549986506913757	0.5377395175583046
0.4358292831087569	0.6559914292421011
0.3939450611853891	0.5783970035191996
0.33440672911986186	0.6931910345293308
0.46190793560225263	0.6170863480052825
0.4971007589339989	0.5928293174436674
0.4162333936462044	0.5270605454253866
0.4349368011794325	0.6310248821257208
0.4489879056538546	0.6153814012603229
0.4041214314680204	0.5694091203895864
0.4337835040254586	0.5864296471185003
0.4129460559724136	0.6477247229234996
0.45044898159687446	0.6656017272726077
0.3365144925108248	0.6127369030773177
0.3575377716402851	0.6195466577167879
0.3234074450665892	0.5385523485767646
0.49989466547447814	0.6547945019968331
0.407552436072352	0.5376180944271
0.3966529626737616	0.5761103143361221
0.36565837890572855	0.5854924919380875
0.40702776189267675	0.5702199838736275
0.39332231036284715	0.6183639291411939
0.38946828916276016	0.6597724125801319
0.457445359175501	0.6044746980953921
0.43433382681058424	0.598588583346249
0.34955835431647153	0.5946789422919639
0.4071964708983245	0.5879705057347023
0.4308109642915371	0.6107564957551976
0.3805076567436854	0.6396319151498956
0.4731154180695883	0.5743944125481353
0.396783127890033	0.6063456136979013
0.38933967281235116	0.6103074154915181
0.3080114192983386	0.5545579018651065
0.407200191669159	0.5612840260086075
0.39552468912948285	0.5766780076563104
0.4252478339515183	0.5947102790618979
0.38195739479166485	0.5900094760010806
0.416602346396537	0.5642561931854521
0.34373327899420664	0.7022112409440221
0.4357537215437391	0.5720996541541998
0.34995881501284243	0.6122351508895286
0.38482624310079955	0.6451500598715324
0.43980713212743544	0.6268134401632872
0.40987202749001955	0.6499687287857838
0.4284838556306637	0.5553163712367426
0.46198220699460946	0.5649309251962547
0.43150356373874205	0.5472077906824726
0.46971610959968646	0.5382241902957966
0.4145103688505274	0.6024346180426018
0.41806501274480296	0.5735853240553348
0.40882827169646496	0.6351878535650803
0.3363785404212396	0.5875321714810373
0.41696631092233344	0.5950678151868223
0.39982857486981366	0.5534231869840109
0.4242640694044285	0.5537267983265145
0.40569432290709484	0.5830741366761442
0.39272378017903103	0.576752449683581
0.4203747263674223	0.5869957184373418
0.3454056957975387	0.6078378926199863
0.4163389699702192	0.5611824711671467
0.3542231382217259	0.613227133214788
0.3892483436775226	0.5650093723076542
0.41402828194316854	0.5989708972731219
0.36520983518117245	0.5661356460494461
0.388239570110346	0.6130192727108843
0.421900863803496	0.590329327752109
0.34199233997245265	0.5809392134419734
0.4349371846024349	0.6000933278211343
0.45449006628664995	0.578101145412639
0.45043553548624216	0.6759401510384367
0.48228985279450687	0.6377296480303247
0.41451945957042924	0.6323518943608515
0.49367348133072986	0.6093023432786392
0.40648243742988643	0.5819035122618773
0.4175603172697541	0.5702965212763603
0.42814206204784955	0.624722677570926
0.43491807196000704	0.6101346200747063
0.41982851527827714	0.6333434037888191
0.3987734550910073	0.6162962665476579
0.389875322603427	0.6039835287488153
0.3963897096131632	0.5396725403953131
0.38891753941755475	0.5364552140376448
0.4023964324799897	0.6044657409489926
0.44468688465084705	0.6297481142515406
0.4188858312541083	0.5578249745524866
0.4249485122733948	0.6133841451360323
0.32366857146618866	0.6097585562154927
0.3708596709032966	0.6066478015037743
0.4325295037803435	0.5760151055603546
0.40959223357123914	0.5867980993172777
0.40737104103940563	0.5857215902116666
0.4506082728933514	0.636823415274829
0.3644131694002596	0.5940445404458942
0.43949293098384407	0.5715230028726926
0.3473763769004089	0.6460313323729533
0.4080927709327519	0.6289738199943846
0.3566652434472586	0.5531318098398152
0.45210808089763377	0.6180115182437906
0.4025661991202876	0.5734612468608
0.39312355031875545	0.5956000805689396
0.37395569254163813	0.5858642440929853
0.43655294504095166	0.5807349592775439
0.41250888346768183	0.5518632752297492
0.3823801649330034	0.5449374815347805
0.44711466127125693	0.6609776990684664
0.4378535852269783	0.5814883014686179
0.37212533428117966	0.6196482697405808
0.46138634940204104	0.615683645563924
0.38266463847751475	0.6056075844177754
0.39968037944189294	0.533527854882787
0.37438550342866056	0.6027517085849905
0.3713852833419376	0.6199731935953776
0.3575891449338915	0.6653657410600107
0.4201011337901747	0.5712711970969865
0.45004927929630917	0.6634394353087354
0.3800564610915023	0.5175218602681412
0.38937158600642224	0.6270898780633613
0.3756575818032462	0.5599904721480444
0.4032036793892034	0.585806318746541
0.4188906383649443	0.5934279279901429
0.3387445279173434	0.5285336845217855
0.43830784840615494	0.5647324929520277
0.43637144849726295	0.6178663573303648
0.4029585633884596	0.6004932748875702
0.4217315489019615	0.5452316314412158
0.4597510959989071	0.5877951514027091
0.40015764127871595	0.6036242126022411
0.43475623024780086	0.6253076341820097
0.42639083852058807	0.6401575258232614
0.41991860471852394	0.6154973383921867
0.40950316478162363	0.608645874031522
0.4282783570978233	0.607150655279962
0.4741328948404956	0.5831791873081459
0.4016303943593049	0.5630689459978517
0.3752470830761798	0.5751030917182751
0.41376045887634116	0.6040245585243282
0.4683391425219804	0.5013416141554827
0.39588531319127584	0.6232701085763337
0.4380170965334283	0.6275933678222114
0.48339031927238296	0.6248461633563608
0.3312250618378215	0.5589993318596783
0.43850552631037915	0.5896790723554389
0.4290561160126148	0.5708607471714616
0.6603459507919438	0.8277496319147258
0.7650443764075004	0.9519142993176348
0.6713462655457267	0.8975093452218376
0.7253939113167999	0.8509661429804818
0.7039717988533768	0.9516566810729746
0.7191401701482886	0.8965043958342908
0.6921945301866242	0.8633312138031083
0.695246600646028	0.9618240925798123
0.7107888751797401	0.8660132113228243
0.6780844150051467	0.8892466467207164
0.699550438049103	0.9032707217756145
0.6791280440939776	0.887546228423647
0.6946643838089555	0.9476653677326978
0.7446368044717514	0.9548425108128221
0.7295325318729518	0.8826790809297822
0.7103835922532133	0.8666478424956865
0.736905401089422	0.8664136006413792
0.7295713786662621	0.9652391027145304
0.6957909192795041	0.8868688503393565
0.6476361548800432	0.967877569489825
0.6501772555622263	0.8888438170429303
0.6863578921651262	0.9083057852476066
0.6996206144262137	0.8840184143520147
0.7173057119964373	0.8685503569841101
0.7168917419945989	0.9033219444734129
0.67972349391335	0.9292242919104644
0.6492037884241262	0.9103953813191424
0.6903384336539538	0.9093789029765205
0.6945455878197334	0.9206898523360485
0.659691980339498	0.8733267807184184
0.6368827990927645	0.9355555390166348
0.6922382189134868	0.9363267878790363
0.6790219504102672	0.8623978748458504
0.6730931757214778	0.9195661345169384
0.6544380069172757	0.8944602368382781
0.7379450252769882	0.8481662170019093
0.7331134231868517	0.8799103792526656
0.7647891451935809	0.8959607021120962
0.6885525665317209	0.8408149812790989
0.7508802245477187	0.9010201092142602
0.685596045472212	0.8703420493674205
0.678919228784327	0.8438379770824039
0.7057055402584028	0.9028862566221644
0.7330344782093149	0.8756511221934868
0.7207471891945002	0.928546957111701
0.6589849443102834	0.861439024009315
0.7646921211788625	0.9125228629295785
0.7448663146786221	0.9385377050591344
0.7455743875254367	0.874878582919973
0.695630800018216	0.8456207116991163
0.712538416294478	0.882707276546381
0.7182394099278036	0.8869400828728017
0.756075359907934	0.8744663745380579
0.7686965374672499	0.8284072735519691
0.76042940944688	0.820600402706055
0.7160399647675573	0.801628457100799
0.7022981517261616	0.9167092561377616
0.7123678945469515	0.9000294968567805
0.7304739372425234	0.8865964786402307
0.7986018012647385	0.9214249391259707
0.684964887075638	0.9784416108477353
0.703017810173318	0.9108036000193863
0.6820751872696351	0.919108235129327
0.7425747287933134	0.9320557646004577
0.6385828869441735	0.894500964242519
0.6902353348181673	0.9021464760923761
0.6975962136060344	0.8867103747998795
0.7116797276939242	0.9220926658675578
0.7171427188106929	0.8464901287379826
0.673052927023131	0.8569229609402974
0.7290158129817804	0.8711112001571747
0.6687411676179488	0.8558300899283856
0.7263747064589802	0.9516937035610793
0.7025630144271395	0.9212520253227862
0.7320362458998348	0.8748679335069914
0.7648615453363599	0.9128192246140258
0.6989671741689338	0.8750950594990847
0.6989677898354647	0.8750083572206675
0.717400422921485	0.9111552948978252
0.6736798719917841	0.9678556947635015
0.693554059243853	0.9398305308989642
0.6876885907669751	0.8760026658470158
0.7399256761987448	0.8794818019924777
0.6922600513842567	0.9095477102129489
0.6795998738239637	0.9621776114112729
0.7571113253977522	0.8957577720895198
0.7544781767951876	0.8905111406136246
0.6475635854238616	0.9133034093541015
0.6526925377593125	0.8563455844489435
0.6434327835470576	0.8857111680240438
0.704706952045865	0.9016809504553497
0.7134799618673558	0.8580689921179957
0.6888999402570892	0.9055956408820023
0.6960566141250716	0.9258843741566383
0.6560316735120288	0.8902297397276047
0.6063349494293684	0.9005527649954541
0.7135606590879932	0.8847633539623955
0.73779765535937	0.8662948132200491
0.7224490749928932	0.8840023562191334
0.6616567516979818	0.9196560934352681
0.7070798112316887	0.8551739295908617
0.6850219420597878	0.8881253440565309
0.641692335294882	0.8478724929618698
0.722464179059199	0.9167378707679896
0.7081504893692885	0.8748026078544936
0.6975081331823534	0.8636343496734677
0.6339400537763342	0.8335872314039213
0.7409087174533164	0.9272587337948318
0.6221264193391114	0.8130108905654964
0.6195100636309088	0.9170916540913222
0.6354597469952424	0.9536168649673119
0.6991971696735896	0.8759178871075336
0.6534849381594313	0.9779603017391993
0.7004024117870833	0.8533291426406241
0.6182541145751548	0.9250726286259461
0.6265904915873319	0.9210074178375034
0.6823155495521521	0.9119646852543071
0.7257210873700024	0.9799811955422697
0.6033132021230763	0.9636310530864891
0.6661403813095158	0.9025358224288288
0.6069194312463702	0.8896905349559935
0.664270975191743	0.9590931705451061
0.6421478194264896	0.870872158131261
0.6105108671269468	0.8691776716885605
0.7183806148890148	0.9236957919616473
0.647555179941584	0.9512903948066505
0.7069291258631165	0.9039442103740037
0.7220277966285257	0.8764818579967052
0.7647278119688433	0.9041396600625838
0.6667896209466099	1.0
0.7215704779502613	0.8983409190904882
0.7160233284978629	0.8953912284553667
0.7554384633434579	0.9288535358513468
0.6883799800421179	0.9056261899886748
0.7449738703027846	0.8638092930941084
0.7058097156280023	0.9358531644415384
0.7366085230564362	0.8651763237417005
0.7507478879821955	0.9358725473482343
0.7094228167423786	0.8473473594752782
0.7454564483296583	0.8958700754694574
0.6239788925389418	0.7870054299231731
0.6779771152451177	0.8561896020930908
0.7390951260811571	0.8525725226045551
0.7914986515516015	0.8446923981520923
0.6443350642836537	0.8141372330853383
0.6732555050234121	0.8064706957284788
0.716739110663294	0.8911624625950966
0.6630128825339905	0.8438941390574438
0.7372735344624941	0.8947072484868773
0.7412950003991594	0.8762562831738626
0.6730531886931257	0.8741789792191406
0.7301262080317471	0.8870754183185555
0.666075939305855	0.9079238082891807
0.743792624503213	0.8607235947903827
0.7436913309139236	0.9363815507994051
0.7196523661323972	0.8296770039257408
0.6889864449249751	0.8723595893462309
0.7501602448997102	0.9179996670441521
0.76924858733764	0.859029153167261
0.7086913990872376	0.8725683595950832
0.7179448192676671	0.9083148917375581
0.6672603384997787	0.9593585167418844
0.7270136357628653	0.8160605122270435
0.7244038628170921	0.9427175624734481
0.6685484832904245	0.9794735106190184
0.7021373987979801	0.8506494884256993
0.7892281540302912	0.9040101423722421
0.8157932944045261	0.8596577199173834
0.7034211111818295	0.8776493080659353
0.6531186912566477	0.8584584189416956
0.7015622159917408	0.8943668648340146
0.731646194443726	0.961507132781426
0.6680145629153453	0.9204576956765654
0.7537307407653889	0.8679738461748929
0.17968159927918742	0.38598361564301004
0.26340038738346483	0.49875930367483645
0.25804411003527733	0.3902108867478667
0.18222876469091362	0.34999789711175805
0.26599235767179097	0.4130802247911881
0.1975772119919315	0.41831422472683805
0.20771331908599874	0.48148470726818016
0.22029282004907333	0.46803361561131257
0.2859296992550623	0.45385403758351694
0.19571508283650876	0.41237813684815244
0.1678335980015706	0.4184429234125041
0.29128131531650997	0.42680305152028897
0.2301286758050492	0.43288974555126203
0.26278634198783624	0.423878650645677
0.2462624407821264	0.4704677954604822
0.28610186561314144	0.42897616660993027
0.25393593835117273	0.46730620560743424
0.2712687369172671	0.5102808872396778
0.27607276293004734	0.40814913766785166
0.25675067851667027	0.4744193972291373
0.26575029654139554	0.44132560816024996
0.3186624807489486	0.5251116754862164
0.22320156734959778	0.46929386536461143
0.3100609259646714	0.481595892522551
0.20639833605213903	0.4962038230089631
0.3283123319503006	0.42336820218458177
0.2879525937819522	0.4287504292776392
0.2629791202413533	0.49521583897439475
0.2866113632509193	0.4814651639389038
0.24127413231841324	0.45281561168138146
0.4205627818924644	0.5138616391402854
0.3049521435497565	0.5176973939747461
0.33616631492828636	0.4674975107763169
0.46153503527299095	0.5828211373483911
0.3079968581736455	0.5708775387764375
0.36302954562557976	0.6220891767857287
0.2654226738342233	0.3411060645067005
0.27635557163148844	0.4041378215679829
0.2644286026501345	0.40209313762305315
0.27786773528891257	0.3419908630735382
0.33468631422036743	0.4076372897285697
0.3245814639365185	0.3604330050383637
0.4545513624374754	0.20721872053553236
0.3607675838197475	0.36904731715373695
0.37835427241157754	0.3423947963228119
0.37308146717054647	0.32880786952026714
0.4144801136563354	0.4289661327362435
0.45983424016729196	0.35905841070872935
0.49819077786353255	0.18550200557154828
0.46127840781394064	0.21818691241335547
0.41404899964177616	0.1413381785909657
0.5020354423746399	0.13075006930119631
0.45007151629681386	0.152753908083314
0.4334316808583866	0.13141146517393532
0.39425815372049583	0.37960134126783934
0.43717390307889276	0.38173820618386145
0.3719127639697428	0.36574412352699365
0.46110258384036307	0.3816437415253203
0.44448049217803137	0.3874899419718888
0.43651918706535636	0.364797077202845
0.4357973399806188	0.5520067109791097
0.3788329998077657	0.5463979741224079
0.4450518925553734	0.538757154138188
0.37891331867764505	0.5326389355891576
0.3415601115989929	0.49835911771051816
0.41638055325180134	0.4872049262577351
0.4394232680819655	0.33006749654662054
0.41417667493941096	0.4283390478143745
0.37552187608894266	0.3935193083276342
0.3908646273484166	0.41489108082429127
0.39990069165582864	0.38106484223227116
0.44878019914234446	0.47408301575140677
0.42158845458367106	0.334091070623929
0.3929637694913909	0.2537537378199711
0.4210748604386012	0.2981269988640657
0.4560890305349026	0.25746118938271734
0.4208026795899521	0.27782887000949835
0.4596996711820305	0.34292604544762906
0.45572657039908515	0.2226121269501503
0.4182976353901641	0.2739720924346695
0.36096654657799926	0.2535693118450725
0.46591512028752574	0.2251361850158155
0.5065848408255307	0.2771327742954489
0.3813077651912056	0.24993863839367278
0.4613815759511872	0.3888580053192615
0.5196676663946344	0.3153516259453431
0.5312593240696752	0.34532217550879296
0.4496258442514386	0.4121312347017595
0.38364656221986304	0.4334491384330065
0.43837351248661577	0.31251891197700044
0.406143655346119	0.5855867019406176
0.35945544652692035	0.5971372192791735
0.3679978051205258	0.5263985679598332
0.41530066015162526	0.562563078684938
0.41098833872551954	0.5472164129425906
0.3609507430794749	0.5907630334181809
0.417174784160014	0.389096847012561
0.44800713969864975	0.3594053699255412
0.46166945752843047	0.41658024020281104
0.5163804063470024	0.4096288067865595
0.4606716605939872	0.37361591489209695
0.399199338243011	0.3852037766576504
0.4830724409931279	0.2386273080359887
0.42689999998916983	0.252374679060572
0.40807852852233506	0.19968423434120244
0.42637464212555276	0.2998039585170402
0.4518647304868206	0.25765678172064577
0.4412739915197823	0.23266584649515554
0.428017630194635	0.5369834886478095
0.4444083784724317	0.46755774419974616
0.39786003676551984	0.5854653221989873
0.43489387287692594	0.4994706248071969
0.4370939244893412	0.5381213025683128
0.34554935700041267	0.57029826909487
0.39999751244540965	0.5287609473048678
0.38399384730101604	0.5735362127397857
0.41709485927891576	0.547488612019017
0.4169928457097204	0.5238082227883022
0.39314121918153944	0.5718179934525418
0.4143681049104995	0.5566090614362843
0.291207464805871	0.2734985597308317
0.4181729814286914	0.27084509375617083
0.3709269951561488	0.2822829454097447
0.41567050109250975	0.2713593108017793
0.3952304452037719	0.24932114075230222
0.4520395306150039	0.3049719463427393
0.4807703642047244	0.4836407855639778
0.41735598984816724	0.4693066615535318
0.4430962929297246	0.4866489777888003
0.36524853573555216	0.49507882677111437
0.4197833493339623	0.5194698322498099
0.4321334007448503	0.4410556653525202
0.6366015246025953	0.4736042252599248
0.6412702182946955	0.43955396413934106
0.6898451113589182	0.5321882250362967
0.6255487020674981	0.574451422606451
0.6884853638960715	0.5289743529642496
0.6863201800225941	0.4584004641925985
0.6667318179974642	0.5139975137401437
0.5843144095459236	0.5167264212949153
0.6834675470144336	0.5803465966369615
0.6567127549213276	0.5926744729628899
0.6569368086810791	0.5678449218420601
0.6341716092220496	0.507180503527482
0.501825527181346	0.6382088637361051
0.42787327331589253	0.5596342906730025
0.5128419699297438	0.5476672765282526
0.4952878934168089	0.5455990355636738
0.4525452914333683	0.5629024830034335
0.5097927432489038	0.5881288597981648
0.8418484223152872	0.48955661552957375
0.8295171150301791	0.5197362844518364
0.8716449572940722	0.5267396865210124
0.7969220706883963	0.458392247001037
0.8264347456119532	0.5467969653886264
0.8193011976930251	0.6071255901506555
0.40406769816847	0.5619197808953236
0.4866015758143898	0.5635637925734573
0.4348882782675277	0.6468002759457059
0.34830514124126855	0.6646107254652603
0.4041929181718634	0.6513694042942391
0.3312575204017184	0.6073395401758346
0.6813571836027326	0.4987605395593191
0.681014707784536	0.6256706688826942
0.7208470595745361	0.5564777490076929
0.6803471510188736	0.6017336035649393
0.7297255973353417	0.5827507829354185
0.6605138643491082	0.5401299683434211
0.6048412056985277	0.565116156359933
0.5956739565890077	0.5836152756068056
0.6106475834511367	0.5121821232174294
0.5769731398598822	0.6042311245316591
0.6565187529395884	0.5399662197420505
0.6050904070653683	0.5162916995063939
0.5928702712437	0.5231682189933133
0.6715801814182584	0.5854924092963907
0.6247332108409067	0.5516807523796673
0.5914275261081986	0.5097753465632863
0.6289313779048726	0.5979051134390301
0.6262564588977813	0.5565824677239535
0.5193021923569138	0.5472614411859726
0.5827375183665621	0.5047413284632633
0.5668461243441304	0.5429797308930909
0.5732324259427655	0.5168406296390149
0.5713503620189643	0.5407029407677612
0.584337681503742	0.5751008849689973
0.5743988182949552	0.5768605783803226
0.5742849206200565	0.5001161665115218
0.5606396084412723	0.6194596690336702
0.552846031323709	0.5965939948780763
0.6274461746271689	0.499040043564775
0.5315960108970132	0.5220569770725728
0.543967419559166	0.5507701319567015
0.5269492169635424	0.6298690126297285
0.5460374699827425	0.5536938096633106
0.5563587225156131	0.5675665678512997
0.6125314724807367	0.4996451960823745
0.5327272457361569	0.5086111406028344
0.561228082491372	0.5741531193142256
0.5641398940452075	0.5446901521097609
0.5249795137965625	0.577341420575253
0.4542294271474155	0.5668271101416102
0.5451313803966268	0.5791283477656943
0.4700098350243995	0.5289161915685471
0.6479795240223745	0.5142477058528017
0.628124692030095	0.4767170158583819
0.6641807256142778	0.5201665065902935
0.6042476964675609	0.5734848139177163
0.6487994711822058	0.6038007041393789
0.5965680288042449	0.5221097708489386
0.5784563426777604	0.6394228882159411
0.607621223104819	0.6784474874626816
0.5240697199779697	0.677095034230241
0.6163060067290821	0.6945020587828363
0.4686985775818916	0.6737910861666029
0.5130872207545597	0.6854898905560548
0.5417861239910019	0.6951201490345521
0.544855801748143	0.7672731849657425
0.5794311884127791	0.7225121559420599
0.5891702844442034	0.7008601208440278
0.6075172116892631	0.8300432594087328
0.5703411477193318	0.6571552934311142
0.5814063322491022	0.6826072158617525
0.5769620983407904	0.7051342362610235
0.5540465578148055	0.6570301447668175
0.5921883868673551	0.6647305094100409
0.5837385381990884	0.629724826276287
0.5462213453777225	0.7060111720152864
0.5231925691645586	0.6881276464485511
0.5727521715611726	0.6771353190107698
0.5608725152663611	0.7390292639723971
0.6266188962751377	0.7040401725706894
0.5666949648292785	0.7028571419278368
0.5465872712768559	0.700754852242454
0.6227466110136842	0.6808610735527678
0.6663923494641095	0.6776268951578753
0.6424275447270154	0.7137019972074392
0.5784544626573425	0.7278555193089087
0.5658994466818172	0.692375259268993
0.6047642164313811	0.6710344726767887
0.6036737915219484	0.7900232604007432
0.6861580632825776	0.7926657415295446
0.6196345709147477	0.7574638968465216
0.6588801973078919	0.6729100824080172
0.6032139287089929	0.7554396384875762
0.6064235909058933	0.7874064159920487
0.5172008631128788	0.8064149776152767
0.5956675834772113	0.7579941151231632
0.6260559109485666	0.7910146463636051
0.5733507169828779	0.8076832941797261
0.6196165978631012	0.7809447280631258
0.6021002749047193	0.8144393708240827
0.6883539649869802	0.777905000172023
0.6104020725888997	0.8324315876557192
0.6208959502523529	0.7340265778982571
0.6057405617778222	0.8374624641892633
0.6112640190573551	0.8295383930780102
0.5748726693372437	0.7876203670514124
0.6030543390282547	0.7194105118537015
0.5752215960523328	0.7046634887046271
0.5801766569979915	0.733654084172862
0.5059890649377856	0.6545970672269665
0.5892423454170562	0.7750233811823628
0.5529211409197964	0.7376227676978222
0.35058785798804426	0.7331654465531018
0.3876733681160858	0.7332225522667436
0.41182804488299835	0.680260285193112
0.3829809908691341	0.6933120161818381
0.3567431687725604	0.738664788444078
0.48470650927651293	0.7123322964796839
0.1278610575594452	0.8332377782024906
0.12322154320187192	0.7441461129723466
0.12074743256068884	0.739892728693903
0.1783278022689788	0.7542784120666227
0.1646345057806781	0.7891327989750397
0.11918654483650248	0.7317611182861714
0.27741032304512764	0.6545200724599158
0.2636093282758747	0.7296964172483753
0.25935624023136933	0.6912206183877552
0.28883626348738695	0.704367933186708
0.3243192941777122	0.7759734003938398
0.281804799371936	0.8085640031871999
0.32749481914261824	0.7580141414755169
0.2091603183291796	0.7551688452537043
0.26323179691706017	0.8077696520457318
0.2712566385611326	0.7507915932166089
0.20229918926255763	0.6933212825528755
0.22373334702808143	0.745563598107433
0.33132991303148546	0.6577520347370247
0.28828104883782973	0.666301473543084
0.2574935550193657	0.692259323314024
0.3255697121729696	0.6161003393366411
0.27741873943307	0.6379674360237896
0.29664105929272	0.6944438491005992
0.22190593659576024	0.6822915106396462
0.2687304592762856	0.6275234171189239
0.3028044849845678	0.7039105438431441
0.30339680147277687	0.7342889846790612
0.2381873199813162	0.7497502156118153
0.2648692569127046	0.7293739754819697
0.273524933876495	0.6870031601341658
0.3720888729864163	0.6745055402165498
0.24528095023443752	0.6706200488817914
0.30358668099110947	0.645830466364468
0.30815099412641955	0.6714225826119723
0.31704941487496585	0.6644672885405175
0.26870721943452497	0.7086473568136683
0.2265273825588298	0.7199465955314883
0.3090019716973693	0.6712062659471572
0.19834259985274338	0.7047867334535279
0.30013721422906725	0.6468155361429355
0.29942442735462743	0.6731847034991096
0.1735656140240593	0.7147918818778681
0.23049652131313478	0.7037292045109615
0.2722053181745425	0.6894285962555528
0.20275771541705595	0.6726129650693937
0.18655204377582243	0.7259692408385017
0.19885559252087487	0.6948887009807525
0.30172466436671896	0.6742295871888964
0.1969621510125398	0.6903234222788805
0.26819150954644755	0.6814396177648588
0.2645209772697344	0.7397911177561605
0.2591179215104632	0.7482225411655704
0.26850774215066164	0.6800852672930925
0.29307550134697763	0.704515959994653
0.3336782962427104	0.7069870301005272
0.30654509573945515	0.7012756228648708
0.26019574819860775	0.6907525167389181
0.2902015277891064	0.6775163984687591
0.34329857085297216	0.6682133693616198
0.25959877883060267	0.6421310506634669
0.2904104762586568	0.7011436394641279
0.23561073998702883	0.6267027911452083
0.30807322429869416	0.6287019612546672
0.2628726003169213	0.6496829058590327
0.2188602331533333	0.6825992638107629
0.38045251457244755	0.5193474145037703
0.3221892242116736	0.49339489066747744
0.4174825560232114	0.5009095728773008
0.28931784597880517	0.45526982118889353
0.3261537036674704	0.36214853298778327
0.3799490936389223	0.48506875848795933
0.25684399066654584	0.5219694665270608
0.2666316648019553	0.4565953094259967
0.3117498005116301	0.46289167378241086
0.290827957854356	0.4525911270532995
0.31560678715543666	0.459852209736188
0.31079519906000996	0.45332006271978503
0.2422363901723002	0.4747408155946694
0.2941907890112144	0.47722399537052873
0.3261031056589576	0.45966964523295656
0.3000979580737253	0.41591536775876
0.3146275909393019	0.4656578297481896
0.3122368450808235	0.3811737163730509
0.3594197964094485	0.49853794773756027
0.3791682494907337	0.43010279092486386
0.3757214207238767	0.4309123446406305
0.36177615168805544	0.4582281662619646
0.36277398004582934	0.445013689485367
0.31583592879538913	0.4259647719831128
0.45558952695275995	0.4039434959796895
0.5010471758642684	0.3873258209214737
0.4802626645003027	0.4115772934977488
0.42725636210093376	0.3683908892849274
0.43564488643456034	0.38892856468904796
0.46184363821487995	0.45507510606895996
0.4996858263195772	0.3331439086189861
0.5700879706355438	0.3978289403623257
0.4781484460138941	0.3756823036144582
0.5807923440429196	0.3788260510732243
0.5177312069494223	0.4324655809789344
0.4920785316715628	0.41611018691410984
0.443889925792682	0.426662171278535
0.44115632563095514	0.37985052908286193
0.4303199866679018	0.3655562123405319
0.43532953825075305	0.3896972538682523
0.43946202367555093	0.4301972140389844
0.4962297158699084	0.31632366031590525
0.5586772832308804	0.4250745354572932
0.5096707342337802	0.492099484994195
0.5278739606679127	0.4992950793734635
0.4781246757800053	0.44264375798070354
0.6049750662671605	0.4205550233434604
0.48736146659292273	0.36680686805812535
0.4957606026725546	0.3876460717028473
0.5738722045432101	0.46256231974798095
0.5470834439732754	0.5261191530315451
0.4799856985243972	0.4461437782451463
0.5147742408475056	0.45318831264426057
0.5984006204374688	0.4750949569949542
0.5674398533665077	0.4057280511284334
0.5392611104980913	0.5052001072779697
0.506446722807828	0.4784805627033549
0.6435099762945109	0.41688955256844656
0.501595291057293	0.40770197502869304
0.5285513501264927	0.45339445670506334
0.5163104063925302	0.3252725322022149
0.5429151571545217	0.43159531529246803
0.5070123001864373	0.4087466920596975
0.5548441660832009	0.5247827121815715
0.5543317132794443	0.390875220572057
0.5274109504112655	0.4088838369397222
0.521710366697688	0.39051652067526477
0.5991543454396835	0.39001905803483083
0.5244218631649603	0.37845640890359056
0.550482336871214	0.3683666634986512
0.5495622278465905	0.4257037487388182
0.44065336315427667	0.297653357227168
0.5009237978969148	0.3251107657256671
0.5234775519885748	0.24248292702176816
0.5434638513717922	0.24798753248415223
0.49807970671937457	0.3365122551383107
0.49066279806997537	0.23814590130427077
0.5263628541137861	0.2678277223452152
